# SST-1M Winston cone configuration file: wavelength dependence;
# Borofloat entrance window with
# pcl12 coating, wavelength cut-off filter at 540nm
# Column 1: Wavelength [nm].
# Column 2: Simulation of average window transimissivity
186	0
188	0
190	0
192	0
194	0
196	0
198	0
200	0
202	0
204	0
206	0
208	0
210	0
212	0
214	0
216	0
218	0
220	0
222	0
224	0
226	0
228	0
230	0
232	0
234	0
236	0
238	0
240	0
242	0
244	0
246	0
248	0
250	0
252	0
254	0
256	0
258	0
260	0
262	0
264	0
266	0
268	0
270	0
272	0
274	0
276	0.00000002
278	0.00000046
280	0.00000935
282	0.00005056
284	0.00016115
286	0.00035342
288	0.00173059
290	0.00863717
292	0.00911884
294	0.00098049
296	0.00003506
298	0.00000377
300	0.00000075
302	0.0000004
304	0.00000055
306	0.00000107
308	0.0000024
310	0.00000795
312	0.00003661
314	0.00033012
316	0.0116782
318	0.26379965
320	0.42341293
322	0.8826978
324	0.88181519
326	0.85854293
328	0.87898699
330	0.91407343
332	0.93595226
334	0.94726261
336	0.93648183
338	0.9473038
340	0.95971791
342	0.95473674
344	0.9588347
346	0.96572138
348	0.96085183
350	0.95648987
352	0.96086604
354	0.9639953
356	0.96019801
358	0.95900859
360	0.96427227
362	0.96676485
364	0.96247548
366	0.96053865
368	0.96612233
370	0.9705656
372	0.96642853
374	0.96117692
376	0.96392685
378	0.97072299
380	0.97108232
382	0.96532684
384	0.96364417
386	0.96950037
388	0.97476613
390	0.97166477
392	0.96439984
394	0.96280997
396	0.96884057
398	0.97457853
400	0.9732373
402	0.96797327
404	0.96688563
406	0.97240068
408	0.97862893
410	0.97871554
412	0.97312072
414	0.96867226
416	0.97018064
418	0.97528524
420	0.97704481
422	0.97163921
424	0.9626707
426	0.95734067
428	0.95973884
430	0.96767302
432	0.97492651
434	0.97677639
436	0.97390529
438	0.97104227
440	0.97186696
442	0.97617158
444	0.98037515
446	0.98090339
448	0.9773752
450	0.97282478
452	0.97085451
454	0.97301832
456	0.97766764
458	0.98149308
460	0.98208001
462	0.97968508
464	0.97673075
466	0.97577144
468	0.97767128
470	0.98117786
472	0.98397008
474	0.98438955
476	0.98254197
478	0.98001618
480	0.97862604
482	0.97936451
484	0.98135024
486	0.98315106
488	0.98359406
490	0.98254741
492	0.98089072
494	0.97976042
496	0.97976348
498	0.98068175
500	0.98182344
502	0.98238395
504	0.98272764
506	0.98331602
508	0.98435823
510	0.98528062
512	0.98487896
514	0.98225835
516	0.97792541
518	0.97407632
520	0.97348536
522	0.97743495
524	0.98394023
526	0.98787283
528	0.98431807
530	0.974236
532	0.96682287
534	0.97231106
536	0.98019735
538	0.91902867
540	0.6940363
542	0.40310724
544	0.20596612
546	0.10569781
548	0.05754749
550	0.03365484
552	0.02111217
554	0.01413588
556	0.0100512
558	0.00756059
560	0.00600022
562	0.00501606
564	0.0044141
566	0.00409126
568	0.00400093
570	0.00413958
572	0.00454333
574	0.00530246
576	0.00654696
578	0.00830808
580	0.00995702
582	0.00982918
584	0.0076174
586	0.00518555
588	0.00349979
590	0.00247518
592	0.00186399
594	0.00149701
596	0.00128037
598	0.00116506
600	0.00112831
602	0.00116444
604	0.00128239
606	0.00150016
608	0.001813
610	0.00207231
612	0.00191739
614	0.00134818
616	0.00081715
618	0.00048774
620	0.00030306
622	0.00019847
624	0.00013664
626	0.00009837
628	0.00007364
630	0.00005705
632	0.00004557
634	0.00003741
636	0.00003147
638	0.00002707
640	0.00002377
642	0.00002127
644	0.00001937
646	0.00001794
648	0.00001688
650	0.00001611
652	0.00001561
654	0.00001534
656	0.00001528
658	0.00001544
660	0.00001581
662	0.00001643
664	0.0000173
666	0.00001847
668	0.00002
670	0.00002195
672	0.00002441
674	0.00002752
676	0.00003147
678	0.00003651
680	0.00004302
682	0.00005154
684	0.00006287
686	0.00007827
688	0.00009974
690	0.00013052
692	0.00017617
694	0.00024654
696	0.00036055
698	0.00055725
700	0.00092549
702	0.00169407
704	0.00356283
706	0.00898492
708	0.02177705
710	0.01877817
712	0.00932536
714	0.00534958
716	0.00362415
718	0.00276612
720	0.00230288
722	0.00205077
724	0.00192944
726	0.00190171
728	0.00195006
730	0.00206534
732	0.00223843
734	0.00245152
736	0.00267117
738	0.00284783
740	0.00293413
742	0.00291201
744	0.00280363
746	0.00264983
748	0.00248375
750	0.00231839
752	0.00214783
754	0.0019562
756	0.00173139
758	0.00147701
760	0.00121463
762	0.00097149
764	0.00076595
766	0.00060316
768	0.00047924
770	0.00038674
772	0.00031816
774	0.00026723
776	0.00022918
778	0.00020054
780	0.0001788
782	0.00016218
784	0.00014937
786	0.0001394
788	0.00013155
790	0.00012526
792	0.00012009
794	0.00011569
796	0.00011183
798	0.0001083
800	0.00010499
802	0.0001018
804	0.00009877
806	0.00009591
808	0.00009325
810	0.00009086
812	0.00008877
814	0.00008703
816	0.00008568
818	0.00008474
820	0.00008423
822	0.00008416
824	0.00008453
826	0.00008535
828	0.00008662
830	0.00008835
832	0.00009054
834	0.0000932
836	0.00009634
838	0.00009998
840	0.00010416
842	0.0001089
844	0.00011426
846	0.00012029
848	0.00012707
850	0.00013467
852	0.00014317
854	0.00015273
856	0.00016353
858	0.00017573
860	0.00018958
862	0.00020531
864	0.00022326
866	0.00024378
868	0.00026731
870	0.00029437
872	0.00032547
874	0.0003614
876	0.00040306
878	0.00045149
880	0.00050795
882	0.00057397
884	0.0006514
886	0.0007425
888	0.00085003
890	0.00097738
892	0.00112874
894	0.00130929
896	0.00152551
898	0.00178551
900	0.00209948
902	0.0024802
904	0.0029424
906	0.00350818
908	0.00420438
910	0.00506587
912	0.00613821
914	0.00748143
916	0.00917522
918	0.01132633
920	0.0140791
922	0.01763051
924	0.02225209
926	0.02832191
928	0.0363714
930	0.04715389
932	0.06174348
934	0.08167283
936	0.10910934
938	0.14703435
940	0.19928664
942	0.27008821
944	0.36226725
946	0.47327827
948	0.58997965
950	0.68824394
952	0.74444855
954	0.75213045
956	0.72295788
958	0.67508505
960	0.62283529
962	0.5741789
964	0.53239946
966	0.49823994
968	0.47133083
970	0.45093741
972	0.43629761
974	0.42675361
976	0.42179008
978	0.42103375
980	0.4242394
982	0.43127224
984	0.44209014
986	0.45672601
988	0.47526876
990	0.4978407
992	0.52456813
994	0.5554907
996	0.59064876
998	0.62988372
1000	0.67279083
1002	0.71850295
1004	0.7659527
1006	0.81348174
1008	0.85896895
1010	0.89996567
1012	0.93396226
1014	0.95875624
1016	0.97283588
1018	0.97566073
1020	0.96774167
1022	0.95049703
1024	0.9259455
1026	0.8963449
1028	0.86387801
1030	0.83044234
1032	0.79763175
1034	0.76647926
1036	0.73775291
1038	0.71193668
1040	0.68930132
1042	0.66991701
1044	0.65385843
1046	0.64108731
1048	0.63153343
1050	0.62511355
1052	0.62181827
1054	0.62148177
1056	0.62403212
1058	0.62940637
1060	0.63754501
1062	0.64839576
1064	0.66187652
1066	0.67789221
1068	0.69631233
1070	0.7169554
1072	0.73957149
1074	0.76382511
1076	0.78928031
1078	0.8153893
1080	0.84148995
1082	0.86681587
1084	0.89052248
1086	0.91173085
1088	0.92958784
1090	0.94333658
1092	0.95238782
1094	0.95637967
1096	0.95521458
1098	0.94906589
1100	0.93835308
1102	0.92363776
1104	0.90575186
1106	0.88547957
1108	0.86361586
1110	0.84090814
1112	0.8180203
1114	0.79551555
1116	0.77385223
1118	0.75338859
1120	0.73439352
1122	0.71705985
1124	0.70151852
1126	0.68785191
1128	0.67610568
1130	0.66629882
1132	0.65843172
1134	0.65249253
1136	0.64846185
1138	0.64631599
1140	0.64602911
1142	0.64757423
1144	0.6509233
1146	0.65604653
1148	0.66291085
1150	0.67147764
1152	0.68169985
1154	0.69351205
1156	0.70682382
1158	0.72155528
1160	0.73758407
1162	0.75475641
1164	0.77288222
1166	0.79173088
1168	0.81102853
1170	0.83045763
1172	0.84965937
1174	0.86824
1176	0.88578123
1178	0.90185512
1180	0.91604268
1182	0.92795526
1184	0.93725682
1186	0.94368481
1188	0.9470673
1190	0.94733406
1192	0.94452043
1194	0.93876313
1196	0.93028908
1198	0.91939841
1200	0.90644405
1202	0.89188493
1204	0.87604077
1206	0.85931718
1208	0.84206214
1210	0.82460963
1212	0.80725613
1214	0.79025782
1216	0.77383045
1218	0.75815122
1220	0.74336202
1222	0.72957345
1224	0.71686911
1226	0.70530994
1228	0.69493823
1230	0.6857813
1232	0.6778547
1234	0.67116497
1236	0.66571187
1238	0.6614902
1240	0.65849125
1242	0.65670256
1244	0.65610938
1246	0.65669737
1248	0.65845097
1250	0.66135325
