# Borofloat entrance window with pcl12 coating,
# wavelength cut-off filter at 540nm
# Column 1: Wavelength [nm].
# Column 2: Measurment of the average window transimissivity at 25 cm from center
170.7	1.5606
171.0	0.8007
171.4	0.1508
171.7	0.4239
172.1	0.5521
172.4	0.9277
172.7	0.7999
173.1	1.1048
173.4	0.5609
173.8	0.7145
174.1	-0.0612
174.5	0.5390
174.8	0.3733
175.2	0.3205
175.5	0.1353
175.9	0.2304
176.2	0.5371
176.5	0.8765
176.9	0.8105
177.2	0.7599
177.6	0.4140
177.9	0.6300
178.3	0.3207
178.6	0.5287
179.0	0.4817
179.3	0.6146
179.7	0.4913
180.0	0.4860
180.3	0.4236
180.7	0.4493
181.0	0.4416
181.4	0.9088
181.7	1.0024
182.1	0.8224
182.4	0.2961
182.8	0.6696
183.1	0.7586
183.5	0.6544
183.8	0.2972
184.1	0.1092
184.5	0.4689
184.8	0.5683
185.2	0.7748
185.5	0.6514
185.9	0.5366
186.2	0.7734
186.6	0.5666
186.9	0.6147
187.3	0.4635
187.6	0.5615
187.9	0.6762
188.3	0.4870
188.6	0.4464
189.0	0.6691
189.3	0.7583
189.7	0.9354
190.0	0.6200
190.4	0.7980
190.7	0.6325
191.1	0.6720
191.4	0.4391
191.7	0.3280
192.1	0.1102
192.4	0.2218
192.8	0.3969
193.1	0.5329
193.5	0.3664
193.8	0.1442
194.2	0.0940
194.5	0.1882
194.9	0.2178
195.2	0.4713
195.5	0.5831
195.9	0.6933
196.2	0.7064
196.6	0.6143
196.9	0.8448
197.3	0.6045
197.6	0.7493
198.0	0.4612
198.3	0.7019
198.7	0.2860
199.0	0.2761
199.3	0.1481
199.7	0.2329
200.0	0.2550
200.4	0.5221
200.7	0.4786
201.1	0.5115
201.4	0.3011
201.8	0.2391
202.1	0.2573
202.4	0.5421
202.8	0.5782
203.1	0.5638
203.5	0.4195
203.8	0.4891
204.2	0.5231
204.5	0.3903
204.9	0.4179
205.2	0.1692
205.6	0.1184
205.9	-0.0528
206.2	-0.0070
206.6	-0.7162
206.9	-0.4441
207.3	-0.3416
207.6	0.1002
208.0	0.0444
208.3	0.0214
208.7	0.0465
209.0	0.0578
209.3	0.0265
209.7	0.0427
210.0	0.0511
210.4	0.1975
210.7	0.3352
211.1	0.4646
211.4	0.3253
211.8	0.1581
212.1	0.0497
212.4	0.1482
212.8	0.2434
213.1	0.3124
213.5	0.1772
213.8	0.1207
214.2	0.1014
214.5	0.2565
214.9	0.1642
215.2	0.0262
215.6	0.0135
215.9	0.1192
216.2	0.1571
216.6	0.1008
216.9	0.0341
217.3	0.0246
217.6	0.0168
218.0	0.0132
218.3	0.0442
218.7	0.1227
219.0	0.1351
219.3	0.0407
219.7	-0.0707
220.0	0.0533
220.4	0.1724
220.7	0.2326
221.1	0.1816
221.4	0.1511
221.8	0.0457
222.1	0.0701
222.4	0.0755
222.8	0.1486
223.1	0.0737
223.5	0.0527
223.8	0.0219
224.2	0.0101
224.5	0.0363
224.9	0.0350
225.2	0.0966
225.5	0.0575
225.9	0.0563
226.2	0.0210
226.6	0.0186
226.9	0.0058
227.3	-0.0028
227.6	-0.0119
228.0	0.0133
228.3	0.0265
228.6	0.0240
229.0	0.0106
229.3	0.0024
229.7	0.0236
230.0	0.0116
230.4	0.0151
230.7	0.0056
231.1	0.0191
231.4	0.0131
231.7	0.0146
232.1	-0.0099
232.4	-0.0131
232.8	0.0001
233.1	0.0228
233.5	0.0199
233.8	0.0098
234.2	-0.0004
234.5	0.0145
234.8	0.0131
235.2	0.0199
235.5	0.0103
235.9	0.0198
236.2	0.0214
236.6	0.0269
236.9	0.0074
237.3	0.0127
237.6	0.0071
237.9	0.0157
238.3	0.0011
238.6	0.0060
239.0	0.0075
239.3	0.0169
239.7	0.0189
240.0	0.0310
240.3	0.0288
240.7	0.0286
241.0	0.0176
241.4	0.0228
241.7	0.0176
242.1	0.0204
242.4	0.0082
242.8	0.0069
243.1	0.0039
243.4	0.0098
243.8	0.0100
244.1	0.0091
244.5	0.0022
244.8	0.0038
245.2	0.0025
245.5	0.0089
245.9	0.0103
246.2	0.0155
246.5	0.0178
246.9	0.0140
247.2	0.0115
247.6	0.0071
247.9	0.0061
248.3	-0.0004
248.6	0.0061
248.9	0.0112
249.3	0.0143
249.6	0.0152
250.0	0.0159
250.3	0.0175
250.7	0.0173
251.0	0.0167
251.4	0.0133
251.7	0.0122
252.0	0.0102
252.4	0.0143
252.7	0.0141
253.1	0.0112
253.4	0.0143
253.8	0.0095
254.1	0.0087
254.4	0.0082
254.8	0.0141
255.1	0.0345
255.5	0.0262
255.8	0.0216
256.2	0.0052
256.5	0.0097
256.9	0.0079
257.2	0.0151
257.5	0.0201
257.9	0.0250
258.2	0.0151
258.6	0.0124
258.9	0.0059
259.3	0.0054
259.6	0.0035
259.9	0.0077
260.3	0.0096
260.6	0.0195
261.0	0.0194
261.3	0.0172
261.7	0.0108
262.0	0.0129
262.4	0.0029
262.7	-0.0031
263.0	-0.0063
263.4	0.0104
263.7	0.0125
264.1	0.0084
264.4	-0.0004
264.8	0.0053
265.1	0.0100
265.4	0.0147
265.8	0.0073
266.1	0.0086
266.5	0.0040
266.8	0.0010
267.2	0.0027
267.5	0.0085
267.8	0.0128
268.2	0.0091
268.5	0.0065
268.9	0.0041
269.2	0.0022
269.6	0.0007
269.9	0.0044
270.2	0.0069
270.6	0.0079
270.9	0.0099
271.3	0.0122
271.6	0.0152
272.0	0.0074
272.3	0.0001
272.7	-0.0012
273.0	0.0015
273.3	0.0033
273.7	0.0028
274.0	0.0040
274.4	0.0041
274.7	0.0000
275.1	-0.0014
275.4	0.0033
275.7	0.0037
276.1	0.0064
276.4	0.0082
276.8	0.0136
277.1	0.0189
277.5	0.0157
277.8	0.0115
278.1	0.0069
278.5	0.0115
278.8	0.0142
279.2	0.0136
279.5	0.0105
279.9	0.0108
280.2	0.0075
280.5	0.0043
280.9	0.0093
281.2	0.0111
281.6	0.0115
281.9	0.0094
282.3	0.0155
282.6	0.0161
282.9	0.0169
283.3	0.0091
283.6	0.0063
284.0	0.0026
284.3	0.0060
284.7	0.0075
285.0	0.0082
285.3	0.0044
285.7	0.0023
286.0	0.0015
286.4	0.0106
286.7	0.0192
287.1	0.0184
287.4	0.0194
287.7	0.0184
288.1	0.0212
288.4	0.0170
288.8	0.0201
289.1	0.0251
289.5	0.0252
289.8	0.0273
290.1	0.0285
290.5	0.0331
290.8	0.0289
291.2	0.0259
291.5	0.0279
291.9	0.0304
292.2	0.0386
292.5	0.0418
292.9	0.0458
293.2	0.0457
293.6	0.0464
293.9	0.0458
294.3	0.0421
294.6	0.0356
294.9	0.0310
295.3	0.0291
295.6	0.0278
296.0	0.0272
296.3	0.0269
296.7	0.0239
297.0	0.0243
297.3	0.0187
297.7	0.0222
298.0	0.0190
298.4	0.0178
298.7	0.0127
299.1	0.0096
299.4	0.0111
299.7	0.0095
300.1	0.0126
300.4	0.0145
300.8	0.0177
301.1	0.0177
301.5	0.0154
301.8	0.0144
302.1	0.0106
302.5	0.0106
302.8	0.0116
303.2	0.0137
303.5	0.0103
303.9	0.0102
304.2	0.0087
304.5	0.0129
304.9	0.0121
305.2	0.0134
305.6	0.0114
305.9	0.0123
306.2	0.0111
306.6	0.0081
306.9	0.0124
307.3	0.0133
307.6	0.0219
308.0	0.0185
308.3	0.0206
308.6	0.0142
309.0	0.0128
309.3	0.0128
309.7	0.0159
310.0	0.0160
310.4	0.0125
310.7	0.0141
311.0	0.0061
311.4	0.0098
311.7	0.0027
312.1	0.0102
312.4	0.0063
312.8	0.0133
313.1	0.0128
313.4	0.0183
313.8	0.0168
314.1	0.0155
314.5	0.0131
314.8	0.0114
315.1	0.0146
315.5	0.0162
315.8	0.0200
316.2	0.0261
316.5	0.0276
316.9	0.0326
317.2	0.0451
317.5	0.0621
317.9	0.0944
318.2	0.1293
318.6	0.1700
318.9	0.2051
319.3	0.2306
319.6	0.2630
319.9	0.2971
320.3	0.3388
320.6	0.3797
321.0	0.4204
321.3	0.4558
321.6	0.4841
322.0	0.5021
322.3	0.5186
322.7	0.5319
323.0	0.5455
323.4	0.5634
323.7	0.5847
324.0	0.6050
324.4	0.6194
324.7	0.6353
325.1	0.6504
325.4	0.6700
325.7	0.6869
326.1	0.7021
326.4	0.7155
326.8	0.7300
327.1	0.7438
327.5	0.7551
327.8	0.7701
328.1	0.7816
328.5	0.7935
328.8	0.7947
329.2	0.7982
329.5	0.7960
329.9	0.7959
330.2	0.7923
330.5	0.7956
330.9	0.7978
331.2	0.7979
331.6	0.7983
331.9	0.7940
332.2	0.7914
332.6	0.7801
332.9	0.7721
333.3	0.7673
333.6	0.7632
334.0	0.7559
334.3	0.7455
334.6	0.7398
335.0	0.7351
335.3	0.7379
335.7	0.7336
336.0	0.7338
336.3	0.7356
336.7	0.7414
337.0	0.7415
337.4	0.7367
337.7	0.7395
338.0	0.7473
338.4	0.7585
338.7	0.7616
339.1	0.7668
339.4	0.7692
339.8	0.7742
340.1	0.7745
340.4	0.7787
340.8	0.7831
341.1	0.7931
341.5	0.8043
341.8	0.8078
342.1	0.8115
342.5	0.8050
342.8	0.8076
343.2	0.8089
343.5	0.8155
343.9	0.8206
344.2	0.8220
344.5	0.8231
344.9	0.8238
345.2	0.8257
345.6	0.8262
345.9	0.8265
346.2	0.8235
346.6	0.8210
346.9	0.8200
347.3	0.8237
347.6	0.8228
347.9	0.8246
348.3	0.8252
348.6	0.8289
349.0	0.8314
349.3	0.8365
349.7	0.8431
350.0	0.8443
350.3	0.8431
350.7	0.8455
351.0	0.8496
351.4	0.8517
351.7	0.8501
352.0	0.8468
352.4	0.8484
352.7	0.8519
353.1	0.8695
353.4	0.8636
353.7	0.8588
354.1	0.8379
354.4	0.8318
354.8	0.8222
355.1	0.8214
355.5	0.8183
355.8	0.8189
356.1	0.8119
356.5	0.8172
356.8	0.8168
357.2	0.8149
357.5	0.8125
357.8	0.8156
358.2	0.8282
358.5	0.8305
358.9	0.8289
359.2	0.8317
359.5	0.8406
359.9	0.8508
360.2	0.8541
360.6	0.8551
360.9	0.8568
361.3	0.8577
361.6	0.8594
361.9	0.8580
362.3	0.8584
362.6	0.8619
363.0	0.8686
363.3	0.8661
363.6	0.8667
364.0	0.8594
364.3	0.8595
364.7	0.8526
365.0	0.8544
365.3	0.8551
365.7	0.8557
366.0	0.8544
366.4	0.8527
366.7	0.8545
367.0	0.8562
367.4	0.8559
367.7	0.8582
368.1	0.8597
368.4	0.8619
368.7	0.8633
369.1	0.8616
369.4	0.8616
369.8	0.8577
370.1	0.8567
370.4	0.8577
370.8	0.8536
371.1	0.8499
371.5	0.8414
371.8	0.8395
372.2	0.8389
372.5	0.8446
372.8	0.8519
373.2	0.8542
373.5	0.8529
373.9	0.8521
374.2	0.8579
374.5	0.8621
374.9	0.8673
375.2	0.8666
375.6	0.8705
375.9	0.8766
376.2	0.8865
376.6	0.8901
376.9	0.8953
377.3	0.8974
377.6	0.9088
377.9	0.9079
378.3	0.9080
378.6	0.8944
379.0	0.8885
379.3	0.8873
379.6	0.8910
380.0	0.8930
380.3	0.8912
380.7	0.8898
381.0	0.8877
381.3	0.8867
381.7	0.8887
382.0	0.8914
382.4	0.8963
382.7	0.8918
383.0	0.8888
383.4	0.8932
383.7	0.8965
384.1	0.9089
384.4	0.9061
384.7	0.9143
385.1	0.9126
385.4	0.9174
385.8	0.9194
386.1	0.9220
386.4	0.9229
386.8	0.9240
387.1	0.9261
387.5	0.9323
387.8	0.9293
388.1	0.9220
388.5	0.9095
388.8	0.9057
389.2	0.9201
389.5	0.9236
389.8	0.9286
390.2	0.9108
390.5	0.9070
390.9	0.9039
391.2	0.9026
391.5	0.9025
391.9	0.9067
392.2	0.9109
392.6	0.9190
392.9	0.9172
393.2	0.9148
393.6	0.9088
393.9	0.9141
394.3	0.9213
394.6	0.9268
394.9	0.9217
395.3	0.9209
395.6	0.9191
396.0	0.9166
396.3	0.9165
396.6	0.9169
397.0	0.9194
397.3	0.9192
397.7	0.9181
398.0	0.9202
398.3	0.9178
398.7	0.9199
399.0	0.9213
399.4	0.9192
399.7	0.9122
400.0	0.9067
400.4	0.9061
400.7	0.9081
401.1	0.9087
401.4	0.9123
401.7	0.9196
402.1	0.9204
402.4	0.9225
402.8	0.9122
403.1	0.9101
403.4	0.9078
403.8	0.9112
404.1	0.9190
404.5	0.9189
404.8	0.9213
405.1	0.9174
405.5	0.9242
405.8	0.9224
406.2	0.9213
406.5	0.9121
406.8	0.9176
407.2	0.9120
407.5	0.9086
407.9	0.9031
408.2	0.8982
408.5	0.8945
408.9	0.8872
409.2	0.8902
409.6	0.8866
409.9	0.8803
410.2	0.8697
410.6	0.8658
410.9	0.8758
411.3	0.8752
411.6	0.8778
411.9	0.8691
412.3	0.8711
412.6	0.8786
412.9	0.8793
413.3	0.8851
413.6	0.8796
414.0	0.8871
414.3	0.8931
414.6	0.9010
415.0	0.9052
415.3	0.9094
415.7	0.9089
416.0	0.9056
416.3	0.9048
416.7	0.9070
417.0	0.9150
417.4	0.9076
417.7	0.8996
418.0	0.8880
418.4	0.8899
418.7	0.8912
419.1	0.8794
419.4	0.8665
419.7	0.8531
420.1	0.8468
420.4	0.8400
420.7	0.8362
421.1	0.8285
421.4	0.8221
421.8	0.8087
422.1	0.8062
422.4	0.7982
422.8	0.7943
423.1	0.7884
423.5	0.7847
423.8	0.7854
424.1	0.7864
424.5	0.7884
424.8	0.7848
425.2	0.7823
425.5	0.7835
425.8	0.7888
426.2	0.7941
426.5	0.8001
426.9	0.8123
427.2	0.8159
427.5	0.8165
427.9	0.8228
428.2	0.8321
428.5	0.8459
428.9	0.8541
429.2	0.8664
429.6	0.8816
429.9	0.8882
430.2	0.8970
430.6	0.8998
430.9	0.9034
431.3	0.9113
431.6	0.9122
431.9	0.9155
432.3	0.9065
432.6	0.9000
433.0	0.8990
433.3	0.9013
433.6	0.9042
434.0	0.9117
434.3	0.9084
434.6	0.8999
435.0	0.8898
435.3	0.8872
435.7	0.8940
436.0	0.8883
436.3	0.8827
436.7	0.8778
437.0	0.8770
437.4	0.8761
437.7	0.8693
438.0	0.8678
438.4	0.8647
438.7	0.8678
439.0	0.8669
439.4	0.8692
439.7	0.8756
440.1	0.8780
440.4	0.8855
440.7	0.8837
441.1	0.8847
441.4	0.8804
441.8	0.8799
442.1	0.8816
442.4	0.8896
442.8	0.8973
443.1	0.9053
443.4	0.9047
443.8	0.9046
444.1	0.9060
444.5	0.9064
444.8	0.9068
445.1	0.9070
445.5	0.9113
445.8	0.9064
446.2	0.9076
446.5	0.9100
446.8	0.9142
447.2	0.9159
447.5	0.9169
447.8	0.9169
448.2	0.9129
448.5	0.9107
448.9	0.9107
449.2	0.9029
449.5	0.8970
449.9	0.8969
450.2	0.8998
450.6	0.8987
450.9	0.8907
451.2	0.8856
451.6	0.8874
451.9	0.8909
452.2	0.9000
452.6	0.8914
452.9	0.8886
453.3	0.8729
453.6	0.8769
453.9	0.8779
454.3	0.8831
454.6	0.8769
454.9	0.8691
455.3	0.8711
455.6	0.8702
456.0	0.8815
456.3	0.8747
456.6	0.8792
457.0	0.8645
457.3	0.8539
457.7	0.8532
458.0	0.8299
458.3	0.8319
458.7	0.8239
459.0	0.8428
459.3	0.8445
459.7	0.8488
460.0	0.8511
460.4	0.8515
460.7	0.8445
461.0	0.8385
461.4	0.8298
461.7	0.8310
462.0	0.8302
462.4	0.8307
462.7	0.8176
463.1	0.8186
463.4	0.8212
463.7	0.8260
464.1	0.8311
464.4	0.8322
464.7	0.8346
465.1	0.8276
465.4	0.8321
465.8	0.8288
466.1	0.8330
466.4	0.8211
466.8	0.8285
467.1	0.8237
467.4	0.8310
467.8	0.8276
468.1	0.8284
468.5	0.8235
468.8	0.8223
469.1	0.8153
469.5	0.8122
469.8	0.8083
470.2	0.8073
470.5	0.8081
470.8	0.8081
471.2	0.8112
471.5	0.8159
471.8	0.8178
472.2	0.8204
472.5	0.8177
472.9	0.8141
473.2	0.8212
473.5	0.8218
473.9	0.8340
474.2	0.8354
474.5	0.8361
474.9	0.8261
475.2	0.8158
475.6	0.8131
475.9	0.8191
476.2	0.8227
476.6	0.8302
476.9	0.8382
477.2	0.8367
477.6	0.8317
477.9	0.8180
478.2	0.8237
478.6	0.8264
478.9	0.8348
479.3	0.8450
479.6	0.8439
479.9	0.8434
480.3	0.8382
480.6	0.8387
480.9	0.8367
481.3	0.8341
481.6	0.8403
482.0	0.8492
482.3	0.8532
482.6	0.8584
483.0	0.8595
483.3	0.8697
483.6	0.8851
484.0	0.8996
484.3	0.9103
484.7	0.9107
485.0	0.9100
485.3	0.9118
485.7	0.9120
486.0	0.9140
486.3	0.9148
486.7	0.9190
487.0	0.9151
487.4	0.9118
487.7	0.9038
488.0	0.8934
488.4	0.8765
488.7	0.8590
489.0	0.8546
489.4	0.8502
489.7	0.8533
490.0	0.8523
490.4	0.8473
490.7	0.8522
491.1	0.8435
491.4	0.8372
491.7	0.8246
492.1	0.8317
492.4	0.8367
492.7	0.8350
493.1	0.8234
493.4	0.8218
493.8	0.8194
494.1	0.8228
494.4	0.8229
494.8	0.8204
495.1	0.8240
495.4	0.8184
495.8	0.8231
496.1	0.8192
496.4	0.8156
496.8	0.8160
497.1	0.8191
497.5	0.8257
497.8	0.8321
498.1	0.8328
498.5	0.8320
498.8	0.8258
499.1	0.8301
499.5	0.8420
499.8	0.8475
500.2	0.8542
500.5	0.8555
500.8	0.8595
501.2	0.8560
501.5	0.8545
501.8	0.8551
502.2	0.8589
502.5	0.8659
502.8	0.8699
503.2	0.8753
503.5	0.8725
503.9	0.8741
504.2	0.8754
504.5	0.8771
504.9	0.8777
505.2	0.8714
505.5	0.8771
505.9	0.8774
506.2	0.8859
506.5	0.8833
506.9	0.8880
507.2	0.8830
507.6	0.8738
507.9	0.8652
508.2	0.8658
508.6	0.8732
508.9	0.8742
509.2	0.8722
509.6	0.8673
509.9	0.8665
510.2	0.8594
510.6	0.8519
510.9	0.8420
511.3	0.8388
511.6	0.8317
511.9	0.8224
512.3	0.8135
512.6	0.8129
512.9	0.8006
513.3	0.7855
513.6	0.7647
513.9	0.7463
514.3	0.7221
514.6	0.7040
515.0	0.6770
515.3	0.6464
515.6	0.6123
516.0	0.5839
516.3	0.5483
516.6	0.5114
517.0	0.4733
517.3	0.4480
517.6	0.4121
518.0	0.3768
518.3	0.3374
518.7	0.3075
519.0	0.2794
519.3	0.2613
519.7	0.2468
520.0	0.2295
520.3	0.2137
520.7	0.1850
521.0	0.1646
521.3	0.1297
521.7	0.1194
522.0	0.1052
522.3	0.1083
522.7	0.0974
523.0	0.0951
523.4	0.0873
523.7	0.0888
524.0	0.0723
524.4	0.0706
524.7	0.0629
525.0	0.0664
525.4	0.0689
525.7	0.0686
526.0	0.0768
526.4	0.0649
526.7	0.0637
527.0	0.0537
527.4	0.0497
527.7	0.0361
528.1	0.0304
528.4	0.0330
528.7	0.0403
529.1	0.0340
529.4	0.0355
529.7	0.0274
530.1	0.0296
530.4	0.0156
530.7	0.0227
531.1	0.0214
531.4	0.0249
531.7	0.0282
532.1	0.0338
532.4	0.0378
532.8	0.0222
533.1	0.0209
533.4	0.0088
533.8	0.0189
534.1	0.0190
534.4	0.0288
534.8	0.0241
535.1	0.0410
535.4	0.0318
535.8	0.0341
536.1	0.0144
536.4	0.0121
536.8	0.0114
537.1	0.0074
537.5	0.0202
537.8	0.0184
538.1	0.0175
538.5	0.0162
538.8	0.0128
539.1	0.0199
539.5	0.0204
539.8	0.0251
540.1	0.0179
540.5	0.0147
540.8	0.0082
541.1	0.0068
541.5	0.0050
541.8	0.0038
542.1	0.0049
542.5	0.0162
542.8	0.0245
543.2	0.0330
543.5	0.0222
543.8	0.0169
544.2	0.0161
544.5	0.0163
544.8	0.0275
545.2	0.0255
545.5	0.0295
545.8	0.0229
546.2	0.0128
546.5	0.0150
546.8	0.0147
547.2	0.0212
547.5	0.0155
547.8	0.0165
548.2	0.0235
548.5	0.0303
548.8	0.0191
549.2	0.0111
549.5	-0.0030
549.9	0.0077
550.2	0.0049
550.5	0.0106
550.9	0.0080
551.2	0.0090
551.5	0.0073
551.9	0.0044
552.2	0.0144
552.5	0.0125
552.9	0.0116
553.2	0.0109
553.5	0.0122
553.9	0.0166
554.2	0.0088
554.5	0.0140
554.9	0.0125
555.2	0.0142
555.5	0.0171
555.9	0.0214
556.2	0.0212
556.6	0.0184
556.9	0.0172
557.2	0.0187
557.6	0.0194
557.9	0.0128
558.2	0.0111
558.6	0.0110
558.9	0.0149
559.2	0.0084
559.6	0.0010
559.9	0.0020
560.2	0.0098
560.6	0.0084
560.9	0.0083
561.2	0.0088
561.6	0.0126
561.9	0.0101
562.2	0.0143
562.6	0.0172
562.9	0.0246
563.2	0.0224
563.6	0.0194
563.9	0.0125
564.2	0.0061
564.6	0.0108
564.9	0.0132
565.3	0.0181
565.6	0.0206
565.9	0.0210
566.3	0.0157
566.6	0.0134
566.9	0.0152
567.3	0.0160
567.6	0.0124
567.9	0.0086
568.3	0.0123
568.6	0.0093
568.9	0.0083
569.3	0.0094
569.6	0.0084
569.9	0.0071
570.3	-0.0003
570.6	-0.0021
570.9	-0.0054
571.3	0.0018
571.6	0.0031
571.9	0.0073
572.3	0.0009
572.6	0.0056
572.9	0.0024
573.3	0.0042
573.6	0.0010
573.9	0.0050
574.3	0.0117
574.6	0.0101
574.9	0.0082
575.3	0.0050
575.6	0.0049
575.9	0.0067
576.3	0.0059
576.6	0.0088
577.0	0.0093
577.3	0.0087
577.6	0.0094
578.0	0.0109
578.3	0.0157
578.6	0.0061
579.0	-0.0004
579.3	-0.0066
579.6	-0.0029
580.0	0.0035
580.3	0.0073
580.6	0.0125
581.0	0.0097
581.3	0.0061
581.6	0.0056
582.0	0.0131
582.3	0.0110
582.6	0.0125
583.0	0.0049
583.3	0.0085
583.6	0.0097
584.0	0.0128
584.3	0.0197
584.6	0.0225
585.0	0.0219
585.3	0.0141
585.6	0.0077
586.0	0.0080
586.3	0.0067
586.6	0.0108
587.0	0.0078
587.3	0.0083
587.6	0.0044
588.0	0.0048
588.3	0.0116
588.6	0.0170
589.0	0.0201
589.3	0.0173
589.6	0.0142
590.0	0.0105
590.3	0.0157
590.6	0.0133
591.0	0.0161
591.3	0.0112
591.6	0.0142
592.0	0.0116
592.3	0.0095
592.6	0.0072
593.0	0.0094
593.3	0.0183
593.6	0.0142
594.0	0.0190
594.3	0.0037
594.6	0.0092
595.0	-0.0001
595.3	0.0112
595.6	0.0096
596.0	0.0078
596.3	0.0054
596.6	0.0045
597.0	0.0066
597.3	0.0035
597.6	0.0091
598.0	0.0140
598.3	0.0167
598.6	0.0085
599.0	0.0023
599.3	-0.0009
599.6	0.0058
600.0	0.0026
600.3	0.0017
600.6	-0.0014
601.0	0.0082
601.3	0.0130
601.6	0.0106
602.0	0.0090
602.3	0.0115
602.6	0.0201
603.0	0.0087
603.3	-0.0025
603.6	-0.0115
604.0	0.0005
604.3	0.0082
604.6	0.0185
605.0	0.0224
605.3	0.0203
605.6	0.0152
606.0	0.0085
606.3	0.0140
606.6	0.0099
607.0	0.0118
607.3	0.0072
607.6	0.0125
608.0	0.0135
608.3	0.0156
608.6	0.0138
609.0	0.0116
609.3	0.0098
609.6	0.0111
610.0	0.0121
610.3	0.0097
610.6	0.0041
611.0	0.0019
611.3	0.0028
611.6	0.0008
612.0	0.0034
612.3	0.0102
612.6	0.0213
613.0	0.0242
613.3	0.0185
613.6	0.0156
614.0	0.0168
614.3	0.0171
614.6	0.0117
615.0	0.0128
615.3	0.0140
615.6	0.0164
616.0	0.0132
616.3	0.0080
616.6	0.0068
617.0	0.0117
617.3	0.0129
617.6	0.0172
618.0	0.0141
618.3	0.0148
618.6	0.0096
618.9	0.0023
619.3	0.0000
619.6	0.0049
619.9	0.0061
620.3	0.0079
620.6	0.0042
620.9	0.0114
621.3	0.0116
621.6	0.0031
621.9	-0.0034
622.3	0.0041
622.6	0.0173
622.9	0.0136
623.3	0.0065
623.6	-0.0024
623.9	0.0024
624.3	0.0004
624.6	0.0009
624.9	0.0068
625.3	0.0098
625.6	0.0113
625.9	0.0055
626.3	0.0052
626.6	0.0091
626.9	0.0041
627.3	0.0005
627.6	-0.0099
627.9	-0.0034
628.3	-0.0035
628.6	0.0042
628.9	0.0026
629.3	0.0022
629.6	-0.0012
629.9	-0.0007
630.2	-0.0002
630.6	0.0040
630.9	0.0112
631.2	0.0186
631.6	0.0205
631.9	0.0109
632.2	0.0095
632.6	0.0102
632.9	0.0127
633.2	0.0209
633.6	0.0191
633.9	0.0124
634.2	-0.0013
634.6	-0.0028
634.9	0.0109
635.2	0.0078
635.6	-0.0006
635.9	-0.0109
636.2	-0.0077
636.6	-0.0015
636.9	0.0034
637.2	0.0090
637.6	0.0122
637.9	0.0125
638.2	0.0179
638.6	0.0171
638.9	0.0146
639.2	0.0069
639.5	0.0135
639.9	0.0145
640.2	0.0154
640.5	0.0131
640.9	0.0066
641.2	0.0093
641.5	0.0062
641.9	0.0093
642.2	0.0050
642.5	0.0158
642.9	0.0225
643.2	0.0320
643.5	0.0323
643.9	0.0306
644.2	0.0199
644.5	0.0082
644.9	0.0097
645.2	0.0166
645.5	0.0237
645.8	0.0159
646.2	0.0188
646.5	0.0124
646.8	0.0162
647.2	0.0157
647.5	0.0191
647.8	0.0191
648.2	0.0128
648.5	0.0157
648.8	0.0208
649.2	0.0249
649.5	0.0243
649.8	0.0225
650.2	0.0189
650.5	0.0185
650.8	0.0126
651.2	0.0140
651.5	0.0123
651.8	0.0191
652.1	0.0189
652.5	0.0154
652.8	0.0181
653.1	0.0163
653.5	0.0121
653.8	0.0072
654.1	0.0085
654.5	0.0124
654.8	0.0153
655.1	0.0136
655.5	0.0137
655.8	0.0109
656.1	0.0120
656.5	0.0135
656.8	0.0121
657.1	0.0113
657.4	0.0099
657.8	0.0118
658.1	0.0135
658.4	0.0151
658.8	0.0159
659.1	0.0097
659.4	0.0120
659.8	0.0107
660.1	0.0118
660.4	0.0103
660.8	0.0120
661.1	0.0179
661.4	0.0247
661.8	0.0298
662.1	0.0341
662.4	0.0460
662.7	0.0383
663.1	0.0314
663.4	0.0150
663.7	0.0125
664.1	0.0168
664.4	0.0157
664.7	0.0177
665.1	0.0116
665.4	0.0099
665.7	0.0122
666.1	0.0184
666.4	0.0197
666.7	0.0198
667.0	0.0203
667.4	0.0172
667.7	0.0249
668.0	0.0241
668.4	0.0276
668.7	0.0252
669.0	0.0266
669.4	0.0256
669.7	0.0215
670.0	0.0249
670.4	0.0293
670.7	0.0375
671.0	0.0359
671.3	0.0365
671.7	0.0332
672.0	0.0356
672.3	0.0333
672.7	0.0355
673.0	0.0327
673.3	0.0326
673.7	0.0279
674.0	0.0288
674.3	0.0293
674.7	0.0303
675.0	0.0326
675.3	0.0252
675.6	0.0308
676.0	0.0277
676.3	0.0316
676.6	0.0301
677.0	0.0291
677.3	0.0291
677.6	0.0287
678.0	0.0222
678.3	0.0260
678.6	0.0169
678.9	0.0169
679.3	0.0148
679.6	0.0169
679.9	0.0190
680.3	0.0115
680.6	0.0158
680.9	0.0127
681.3	0.0171
681.6	0.0123
681.9	0.0127
682.2	0.0120
682.6	0.0169
682.9	0.0199
683.2	0.0189
683.6	0.0107
683.9	0.0060
684.2	0.0159
684.6	0.0161
684.9	0.0262
685.2	0.0170
685.6	0.0169
685.9	0.0108
686.2	0.0143
686.5	0.0193
686.9	0.0195
687.2	0.0192
687.5	0.0214
687.9	0.0219
688.2	0.0188
688.5	0.0126
688.9	0.0150
689.2	0.0162
689.5	0.0192
689.8	0.0095
690.2	0.0118
690.5	0.0072
690.8	0.0128
691.2	0.0103
691.5	0.0085
691.8	0.0076
692.2	0.0097
692.5	0.0180
692.8	0.0235
693.1	0.0216
693.5	0.0190
693.8	0.0144
694.1	0.0150
694.5	0.0111
694.8	0.0092
695.1	0.0113
695.4	0.0159
695.8	0.0209
696.1	-0.0016
696.4	0.0008
696.8	-0.0042
697.1	0.0084
697.4	0.0109
697.8	0.0157
698.1	0.0219
698.4	0.0162
698.7	0.0126
699.1	0.0121
699.4	0.0110
699.7	0.0106
700.1	0.0079
700.4	0.0116
700.7	0.0118
701.1	0.0255
701.4	0.0201
701.7	0.0175
702.0	0.0087
702.4	0.0121
702.7	0.0128
703.0	0.0172
703.4	0.0195
703.7	0.0285
704.0	0.0185
704.3	0.0058
704.7	0.0032
705.0	0.0137
705.3	0.0296
705.7	0.0258
706.0	0.0269
706.3	0.0266
706.7	0.0286
707.0	0.0204
707.3	0.0173
707.6	0.0198
708.0	0.0233
708.3	0.0245
708.6	0.0257
709.0	0.0263
709.3	0.0278
709.6	0.0264
709.9	0.0236
710.3	0.0173
710.6	0.0194
710.9	0.0268
711.3	0.0326
711.6	0.0254
711.9	0.0216
712.2	0.0276
712.6	0.0375
712.9	0.0391
713.2	0.0203
713.6	0.0184
713.9	0.0161
714.2	0.0279
714.6	0.0232
714.9	0.0318
715.2	0.0365
715.5	0.0481
715.9	0.0498
716.2	0.0535
716.5	0.0553
716.9	0.0565
717.2	0.0624
717.5	0.0631
717.8	0.0634
718.2	0.0561
718.5	0.0566
718.8	0.0605
719.2	0.0774
719.5	0.0786
719.8	0.0819
720.1	0.0706
720.5	0.0833
720.8	0.0904
721.1	0.0904
721.5	0.0786
721.8	0.0810
722.1	0.0863
722.4	0.1076
722.8	0.1059
723.1	0.1068
723.4	0.0946
723.8	0.0869
724.1	0.0885
724.4	0.0869
724.7	0.0838
725.1	0.0882
725.4	0.0781
725.7	0.0785
726.1	0.0725
726.4	0.0827
726.7	0.0752
727.0	0.0685
727.4	0.0598
727.7	0.0684
728.0	0.0655
728.4	0.0633
728.7	0.0567
729.0	0.0609
729.3	0.0560
729.7	0.0543
730.0	0.0544
730.3	0.0538
730.7	0.0583
731.0	0.0645
731.3	0.0709
731.6	0.0637
732.0	0.0563
732.3	0.0589
732.6	0.0631
733.0	0.0587
733.3	0.0526
733.6	0.0563
733.9	0.0551
734.3	0.0559
734.6	0.0523
734.9	0.0547
735.3	0.0487
735.6	0.0433
735.9	0.0444
736.2	0.0515
736.6	0.0550
736.9	0.0558
737.2	0.0470
737.5	0.0520
737.9	0.0526
738.2	0.0579
738.5	0.0504
738.9	0.0405
739.2	0.0396
739.5	0.0400
739.8	0.0452
740.2	0.0455
740.5	0.0432
740.8	0.0465
741.2	0.0481
741.5	0.0527
741.8	0.0525
742.1	0.0510
742.5	0.0514
742.8	0.0518
743.1	0.0581
743.5	0.0652
743.8	0.0635
744.1	0.0564
744.4	0.0590
744.8	0.0606
745.1	0.0654
745.4	0.0597
745.7	0.0614
746.1	0.0628
746.4	0.0601
746.7	0.0617
747.1	0.0544
747.4	0.0582
747.7	0.0578
748.0	0.0753
748.4	0.0709
748.7	0.0644
749.0	0.0589
749.3	0.0615
749.7	0.0764
750.0	0.0770
750.3	0.0839
750.7	0.0824
751.0	0.0774
751.3	0.0721
751.6	0.0672
752.0	0.0679
752.3	0.0749
752.6	0.0756
753.0	0.0792
753.3	0.0759
753.6	0.0831
753.9	0.0810
754.3	0.0838
754.6	0.0774
754.9	0.0787
755.2	0.0728
755.6	0.0762
755.9	0.0756
756.2	0.0818
756.6	0.0884
756.9	0.0884
757.2	0.0813
757.5	0.0697
757.9	0.0638
758.2	0.0657
758.5	0.0636
758.8	0.0639
759.2	0.0662
759.5	0.0650
759.8	0.0655
760.2	0.0572
760.5	0.0629
760.8	0.0495
761.1	0.0531
761.5	0.0411
761.8	0.0535
762.1	0.0450
762.4	0.0478
762.8	0.0395
763.1	0.0461
763.4	0.0399
763.8	0.0444
764.1	0.0356
764.4	0.0372
764.7	0.0337
765.1	0.0328
765.4	0.0324
765.7	0.0270
766.0	0.0281
766.4	0.0280
766.7	0.0256
767.0	0.0262
767.3	0.0165
767.7	0.0229
768.0	0.0181
768.3	0.0277
768.7	0.0334
769.0	0.0391
769.3	0.0284
769.6	0.0186
770.0	0.0132
770.3	0.0273
770.6	0.0254
770.9	0.0221
771.3	0.0150
771.6	0.0204
771.9	0.0279
772.2	0.0213
772.6	0.0254
772.9	0.0178
773.2	0.0156
773.6	0.0127
773.9	0.0135
774.2	0.0202
774.5	0.0220
774.9	0.0257
775.2	0.0302
775.5	0.0270
775.8	0.0214
776.2	0.0168
776.5	0.0179
776.8	0.0226
777.1	0.0284
777.5	0.0226
777.8	0.0168
778.1	0.0143
778.5	0.0145
778.8	0.0223
779.1	0.0157
779.4	0.0132
779.8	0.0134
780.1	0.0191
780.4	0.0200
780.7	0.0224
781.1	0.0220
781.4	0.0358
781.7	0.0214
782.0	0.0234
782.4	0.0086
782.7	0.0166
783.0	0.0146
783.3	0.0215
783.7	0.0191
784.0	0.0259
784.3	0.0217
784.7	0.0230
785.0	0.0185
785.3	0.0232
785.6	0.0195
786.0	0.0183
786.3	0.0242
786.6	0.0318
786.9	0.0320
787.3	0.0263
787.6	0.0303
787.9	0.0275
788.2	0.0192
788.6	0.0150
788.9	0.0163
789.2	0.0234
789.5	0.0219
789.9	0.0236
790.2	0.0193
790.5	0.0138
790.8	0.0097
791.2	0.0161
791.5	0.0121
791.8	0.0083
792.2	0.0075
792.5	0.0151
792.8	0.0174
793.1	0.0110
793.5	0.0146
793.8	0.0282
794.1	0.0234
794.4	0.0088
794.8	0.0029
795.1	0.0089
795.4	0.0199
795.7	0.0175
796.1	0.0282
796.4	0.0322
796.7	0.0393
797.0	0.0347
797.4	0.0350
797.7	0.0212
798.0	0.0175
798.3	0.0115
798.7	0.0151
799.0	0.0096
799.3	0.0141
799.6	0.0148
800.0	0.0167
800.3	0.0163
800.6	0.0218
800.9	0.0351
801.3	0.0453
801.6	0.0461
801.9	0.0420
802.2	0.0250
802.6	0.0207
802.9	0.0210
803.2	0.0323
803.5	0.0362
803.9	0.0267
804.2	0.0144
804.5	0.0012
804.8	0.0053
805.2	0.0258
805.5	0.0384
805.8	0.0341
806.2	0.0254
806.5	0.0177
806.8	0.0217
807.1	0.0272
807.5	0.0230
807.8	0.0228
808.1	0.0109
808.4	0.0204
808.8	0.0346
809.1	0.0350
809.4	0.0292
809.7	0.0164
810.1	0.0225
810.4	0.0241
810.7	0.0301
811.0	0.0219
811.4	0.0224
811.7	0.0062
812.0	0.0168
812.3	0.0239
812.7	0.0386
813.0	0.0241
813.3	0.0212
813.6	0.0289
814.0	0.0312
814.3	0.0334
814.6	0.0184
814.9	0.0234
815.3	0.0171
815.6	0.0186
815.9	0.0233
816.2	0.0228
816.6	0.0217
816.9	0.0187
817.2	0.0170
817.5	0.0288
817.9	0.0383
818.2	0.0544
818.5	0.0475
818.8	0.0392
819.2	0.0306
819.5	0.0239
819.8	0.0232
820.1	0.0158
820.4	0.0193
820.8	0.0261
821.1	0.0251
821.4	0.0293
821.7	0.0306
822.1	0.0270
822.4	0.0221
822.7	0.0285
823.0	0.0390
823.4	0.0357
823.7	0.0248
824.0	0.0227
824.3	0.0311
824.7	0.0243
825.0	0.0293
825.3	0.0205
825.6	0.0248
826.0	0.0164
826.3	0.0162
826.6	0.0140
826.9	0.0082
827.3	0.0250
827.6	0.0280
827.9	0.0365
828.2	0.0291
828.6	0.0341
828.9	0.0351
829.2	0.0302
829.5	0.0214
829.9	0.0212
830.2	0.0180
830.5	0.0622
830.8	0.0634
831.2	0.0865
831.5	0.0407
831.8	0.0470
832.1	0.0334
832.5	0.0336
832.8	0.0231
833.1	0.0116
833.4	0.0275
833.7	0.0320
834.1	0.0409
834.4	0.0306
834.7	0.0246
835.0	0.0267
835.4	0.0371
835.7	0.0567
836.0	0.0436
836.3	0.0385
836.7	0.0321
837.0	0.0509
837.3	0.0509
837.6	0.0421
838.0	0.0279
838.3	0.0168
838.6	0.0299
838.9	0.0312
839.3	0.0478
839.6	0.0328
839.9	0.0318
840.2	0.0238
840.6	0.0322
840.9	0.0382
841.2	0.0363
841.5	0.0252
841.8	0.0284
842.2	0.0167
842.5	0.0247
842.8	0.0335
843.1	0.0490
843.5	0.0403
843.8	0.0202
844.1	0.0206
844.4	0.0197
844.8	0.0123
845.1	0.0128
845.4	0.0297
845.7	0.0456
846.1	0.0373
846.4	0.0302
846.7	0.0343
847.0	0.0339
847.3	0.0272
847.7	0.0204
848.0	0.0203
848.3	0.0269
848.6	0.0175
849.0	0.0288
849.3	0.0250
849.6	0.0411
849.9	0.0347
850.3	0.0319
850.6	0.0199
850.9	0.0204
851.2	0.0330
851.6	0.0452
851.9	0.0384
852.2	0.0256
852.5	0.0137
852.8	0.0215
853.2	0.0257
853.5	0.0271
853.8	0.0246
854.1	0.0280
854.5	0.0283
854.8	0.0336
855.1	0.0269
855.4	0.0173
855.8	0.0140
856.1	0.0206
856.4	0.0332
856.7	0.0266
857.0	0.0242
857.4	0.0377
857.7	0.0439
858.0	0.0437
858.3	0.0393
858.7	0.0405
859.0	0.0294
859.3	0.0237
859.6	0.0174
860.0	0.0296
860.3	0.0317
860.6	0.0368
860.9	0.0373
861.2	0.0243
861.6	0.0355
861.9	0.0309
862.2	0.0423
862.5	0.0262
862.9	0.0300
863.2	0.0447
863.5	0.0431
863.8	0.0381
864.2	0.0225
864.5	0.0335
864.8	0.0348
865.1	0.0264
865.4	0.0043
865.8	0.0044
866.1	0.0098
866.4	0.0279
866.7	0.0251
867.1	0.0218
867.4	0.0130
867.7	0.0277
868.0	0.0409
868.3	0.0648
868.7	0.0631
869.0	0.0575
869.3	0.0550
869.6	0.0438
870.0	0.0345
870.3	0.0209
870.6	0.0237
870.9	0.0334
871.2	0.0404
871.6	0.0422
871.9	0.0444
872.2	0.0388
872.5	0.0389
872.9	0.0292
873.2	0.0391
873.5	0.0538
873.8	0.0695
874.2	0.0472
874.5	0.0503
874.8	0.0370
875.1	0.0453
875.4	0.0503
875.8	0.0428
876.1	0.0487
876.4	0.0211
876.7	0.0417
877.1	0.0572
877.4	0.0697
877.7	0.0727
878.0	0.0479
878.3	0.0516
878.7	0.0294
879.0	0.0293
879.3	0.0129
879.6	0.0228
879.9	0.0329
880.3	0.0494
880.6	0.0514
880.9	0.0781
881.2	0.0686
881.6	0.0647
881.9	0.0262
882.2	0.0423
882.5	0.0464
882.8	0.0602
883.2	0.0422
883.5	0.0344
883.8	0.0268
884.1	0.0374
884.5	0.0512
884.8	0.0604
885.1	0.0571
885.4	0.0611
885.7	0.0720
886.1	0.0436
886.4	0.0400
886.7	0.0368
887.0	0.0538
887.4	0.0595
887.7	0.0511
888.0	0.0536
888.3	0.0483
888.6	0.0548
889.0	0.0681
889.3	0.0660
889.6	0.0530
889.9	0.0491
890.2	0.0397
890.6	0.0401
890.9	0.0375
891.2	0.0340
891.5	0.0553
891.9	0.0456
892.2	0.0573
892.5	0.0246
892.8	0.0422
893.1	0.0192
893.5	0.0406
893.8	0.0286
894.1	0.0361
894.4	0.0312
894.7	0.0570
895.1	0.0728
895.4	0.0901
895.7	0.0600
896.0	0.0598
896.4	0.0434
896.7	0.0400
897.0	0.0214
897.3	0.0078
897.6	0.0085
898.0	0.0335
898.3	0.0331
898.6	0.0376
898.9	0.0084
899.2	0.0093
899.6	0.0063
899.9	0.0179
900.2	0.0287
900.5	0.0318
900.9	0.0490
901.2	0.0513
901.5	0.0474
901.8	0.0433
902.1	0.0450
902.5	0.0662
902.8	0.0576
903.1	0.0627
903.4	0.0582
903.7	0.0503
904.1	0.0543
904.4	0.0447
904.7	0.0502
905.0	0.0305
905.3	0.0351
905.7	0.0286
906.0	0.0245
906.3	0.0232
906.6	0.0165
907.0	0.0299
907.3	0.0203
907.6	0.0390
907.9	0.0212
908.2	0.0313
908.6	0.0417
908.9	0.0756
909.2	0.0937
909.5	0.0893
909.8	0.0704
910.2	0.0574
910.5	0.0497
910.8	0.0571
911.1	0.0469
911.4	0.0396
911.8	0.0242
912.1	0.0308
912.4	0.0400
912.7	0.0469
913.0	0.0593
913.4	0.0731
913.7	0.0828
914.0	0.0625
914.3	0.0492
914.6	0.0360
915.0	0.0323
915.3	0.0353
915.6	0.0514
915.9	0.0589
916.3	0.0409
916.6	0.0327
916.9	0.0281
917.2	0.0632
917.5	0.0640
917.9	0.0850
918.2	0.0613
918.5	0.0717
918.8	0.0467
919.1	0.0625
919.5	0.0628
919.8	0.0599
920.1	0.0631
920.4	0.0469
920.7	0.0609
921.1	0.0718
921.4	0.0814
921.7	0.1036
922.0	0.0946
922.3	0.0938
922.7	0.0678
923.0	0.0588
923.3	0.0678
923.6	0.0628
923.9	0.0656
924.3	0.0500
924.6	0.0529
924.9	0.0374
925.2	0.0584
925.5	0.0781
925.9	0.0802
926.2	0.0623
926.5	0.0621
926.8	0.1108
927.1	0.1129
927.5	0.0979
927.8	0.0885
928.1	0.1015
928.4	0.1307
928.7	0.1142
929.1	0.0923
929.4	0.0678
929.7	0.0507
930.0	0.0746
930.3	0.0841
930.7	0.1141
931.0	0.0943
931.3	0.1226
931.6	0.1130
931.9	0.1118
932.3	0.0657
932.6	0.0463
932.9	0.0861
933.2	0.1092
933.5	0.1160
933.9	0.1005
934.2	0.0896
934.5	0.0693
934.8	0.0965
935.1	0.0882
935.4	0.1149
935.8	0.0922
936.1	0.0873
936.4	0.0788
936.7	0.0849
937.0	0.1286
937.4	0.1617
937.7	0.1312
938.0	0.1044
938.3	0.0839
938.6	0.0872
939.0	0.0884
939.3	0.0969
939.6	0.1289
939.9	0.1817
940.2	0.1628
940.6	0.2002
940.9	0.2293
941.2	0.2300
941.5	0.2096
941.8	0.1585
942.2	0.2045
942.5	0.1685
942.8	0.2305
943.1	0.2490
943.4	0.2830
943.8	0.2433
944.1	0.1940
944.4	0.1725
944.7	0.1775
945.0	0.2113
945.3	0.1839
945.7	0.1608
946.0	0.1818
946.3	0.2354
946.6	0.2613
946.9	0.2543
947.3	0.2584
947.6	0.2092
947.9	0.1943
948.2	0.1890
948.5	0.2714
948.9	0.2427
949.2	0.2458
949.5	0.2005
949.8	0.2076
950.1	0.2031
950.5	0.1790
950.8	0.2191
951.1	0.2641
951.4	0.3103
951.7	0.2954
952.0	0.2936
952.4	0.2874
952.7	0.2946
953.0	0.3029
953.3	0.2600
953.6	0.2898
954.0	0.2526
954.3	0.3184
954.6	0.3046
954.9	0.3017
955.2	0.2579
955.5	0.2655
955.9	0.3288
956.2	0.3517
956.5	0.3698
956.8	0.3231
957.1	0.3265
957.5	0.3141
957.8	0.3570
958.1	0.4084
958.4	0.4294
958.7	0.4302
959.1	0.4193
959.4	0.4404
959.7	0.4519
960.0	0.4815
960.3	0.4890
960.6	0.5137
961.0	0.5067
961.3	0.5343
961.6	0.5372
961.9	0.5873
962.2	0.6102
962.6	0.6488
962.9	0.6372
963.2	0.6242
963.5	0.6432
963.8	0.6684
964.1	0.7299
964.5	0.7465
964.8	0.7231
965.1	0.7008
965.4	0.7111
965.7	0.7948
966.1	0.8015
966.4	0.8226
966.7	0.7981
967.0	0.8340
967.3	0.8314
967.6	0.8512
968.0	0.8882
968.3	0.8983
968.6	0.9300
968.9	0.9247
969.2	0.9278
969.6	0.9260
969.9	0.9188
970.2	0.9478
970.5	0.9463
970.8	0.9414
971.1	0.9299
971.5	0.9737
971.8	0.9853
972.1	0.9814
972.4	0.9379
972.7	0.9467
973.0	0.9244
973.4	0.9238
973.7	0.8927
974.0	0.9213
974.3	0.9065
974.6	0.9278
975.0	0.9188
975.3	0.9330
975.6	0.9281
975.9	0.9295
976.2	0.8749
976.5	0.8584
976.9	0.8402
977.2	0.8640
977.5	0.8703
977.8	0.8633
978.1	0.8684
978.4	0.8257
978.8	0.8019
979.1	0.7852
979.4	0.8028
979.7	0.7843
980.0	0.7510
980.4	0.7200
980.7	0.7051
981.0	0.7199
981.3	0.7088
981.6	0.7080
981.9	0.6789
982.3	0.7036
982.6	0.6964
982.9	0.6977
983.2	0.6442
983.5	0.6693
983.8	0.6725
984.2	0.6982
984.5	0.6773
984.8	0.6784
985.1	0.6815
985.4	0.6936
985.7	0.7107
986.1	0.6954
986.4	0.6822
986.7	0.6789
987.0	0.6827
987.3	0.6865
987.6	0.6717
988.0	0.6744
988.3	0.6491
988.6	0.6252
988.9	0.6607
989.2	0.6797
989.6	0.6980
989.9	0.7212
990.2	0.6953
990.5	0.7144
990.8	0.6355
991.1	0.6844
991.5	0.6577
991.8	0.6614
992.1	0.6111
992.4	0.5901
992.7	0.5740
993.0	0.6227
993.4	0.6650
993.7	0.6641
994.0	0.6121
994.3	0.5441
994.6	0.5469
994.9	0.6009
995.3	0.7200
995.6	0.7079
995.9	0.6706
996.2	0.5938
996.5	0.6221
996.8	0.6295
997.2	0.5974
997.5	0.6220
997.8	0.6159
998.1	0.6487
998.4	0.6274
998.7	0.6735
999.1	0.6453
999.4	0.6407
999.7	0.5749
1000.0	0.6035
1000.3	0.6397
1000.6	0.6537
1001.0	0.6795
1001.3	0.6397
1001.6	0.6290
1001.9	0.6106
1002.2	0.6028
1002.5	0.6489
1002.8	0.6828
1003.2	0.7405
1003.5	0.6783
1003.8	0.6641
1004.1	0.6783
1004.4	0.7955
1004.7	0.7850
1005.1	0.7335
1005.4	0.7562
1005.7	0.7616
1006.0	0.7742
1006.3	0.6750
1006.6	0.6479
1007.0	0.6488
1007.3	0.6312
1007.6	0.6737
1007.9	0.6466
1008.2	0.6873
1008.5	0.6720
1008.9	0.7027
1009.2	0.7161
1009.5	0.7305
1009.8	0.6929
1010.1	0.7214
1010.4	0.7037
1010.8	0.7256
1011.1	0.7108
1011.4	0.7430
1011.7	0.7365
1012.0	0.7831
1012.3	0.7868
1012.6	0.8250
1013.0	0.7412
1013.3	0.7518
1013.6	0.7283
1013.9	0.7459
1014.2	0.6992
1014.5	0.7693
1014.9	0.7489
1015.2	0.7931
1015.5	0.7616
1015.8	0.7902
1016.1	0.8251
1016.4	0.8151
1016.8	0.7729
1017.1	0.7176
1017.4	0.7263
1017.7	0.8099
1018.0	0.7940
1018.3	0.8114
1018.6	0.8366
1019.0	0.8589
1019.3	0.9518
1019.6	0.8842
1019.9	0.9481
1020.2	0.8584
1020.5	0.9470
1020.9	0.8582
1021.2	0.8654
1021.5	0.8423
1021.8	0.8252
1022.1	0.7618
1022.4	0.6731
1022.7	0.7209
1023.1	0.7361
1023.4	0.8522
1023.7	0.9018
1024.0	0.9540
1024.3	0.8872
1024.6	0.7950
1025.0	0.8293
1025.3	0.8157
1025.6	0.8549
1025.9	0.7892
1026.2	0.8322
1026.5	0.8331
1026.8	0.8287
1027.2	0.8250
1027.5	0.8698
1027.8	0.8859
1028.1	0.8635
1028.4	0.8210
1028.7	0.7899
1029.0	0.8119
1029.4	0.8419
1029.7	0.9710
1030.0	1.0619
1030.3	1.0421
1030.6	0.9851
1030.9	0.8582
1031.3	0.8897
1031.6	0.9010
1031.9	0.9390
1032.2	0.9596
1032.5	0.9158
1032.8	1.0190
1033.1	1.0755
1033.5	1.1052
1033.8	0.9386
1034.1	0.8198
1034.4	0.7363
1034.7	0.7165
1035.0	0.6596
1035.3	0.8059
1035.7	0.9252
1036.0	0.9997
1036.3	1.0740
1036.6	1.0191
1036.9	0.9913
1037.2	0.9044
1037.5	0.8919
1037.9	0.9001
1038.2	0.7845
1038.5	0.8256
1038.8	0.7617
1039.1	0.7574
1039.4	0.7778
1039.7	0.8993
1040.1	0.9792
1040.4	0.9149
1040.7	0.8108
1041.0	0.7335
1041.3	0.6822
1041.6	0.7030
1042.0	0.7576
1042.3	0.7421
1042.6	0.7027
1042.9	0.7993
1043.2	0.7813
1043.5	0.9088
1043.8	0.7189
1044.2	0.7541
1044.5	0.6412
1044.8	0.7065
1045.1	0.6755
1045.4	0.6045
1045.7	0.4819
1046.0	0.5914
1046.4	0.6262
1046.7	0.7092
1047.0	0.7466
1047.3	0.7497
1047.6	0.8308
1047.9	0.6655
1048.2	0.6726
1048.5	0.6394
1048.9	0.6819
1049.2	0.7017
1049.5	0.6354
1049.8	0.6086
1050.1	0.6108
1050.4	0.7158
1050.7	0.7540
1051.1	0.7487
1051.4	0.5982
1051.7	0.5340
1052.0	0.3534
1052.3	0.4272
1052.6	0.4824
1052.9	0.5967
1053.3	0.6106
1053.6	0.6315
1053.9	0.6940
1054.2	0.6255
1054.5	0.5763
1054.8	0.4957
1055.1	0.4396
1055.5	0.5318
1055.8	0.5173
1056.1	0.6000
1056.4	0.4972
1056.7	0.5054
1057.0	0.5043
1057.3	0.4750
1057.6	0.4495
1058.0	0.5224
1058.3	0.4440
1058.6	0.4994
1058.9	0.4019
1059.2	0.3627
1059.5	0.3572
1059.8	0.4394
1060.2	0.4824
1060.5	0.6479
1060.8	0.5910
1061.1	0.6890
1061.4	0.4770
1061.7	0.5233
1062.0	0.5424
1062.3	0.5188
1062.7	0.4445
1063.0	0.5032
1063.3	0.5445
1063.6	0.5782
1063.9	0.4596
1064.2	0.4011
1064.5	0.3081
1064.9	0.3027
1065.2	0.3805
1065.5	0.4633
1065.8	0.4668
1066.1	0.3597
1066.4	0.2487
1066.7	0.0526
1067.0	0.1585
1067.4	0.2529
1067.7	0.2963
1068.0	0.3959
1068.3	0.4858
1068.6	0.4984
1068.9	0.5130
1069.2	0.3751
1069.6	0.3148
1069.9	0.2639
1070.2	0.3029
1070.5	0.4810
1070.8	0.5313
1071.1	0.6631
1071.4	0.5945
1071.7	0.4372
1072.1	0.3148
1072.4	0.4982
1072.7	0.6363
1073.0	0.6308
1073.3	0.7063
1073.6	0.5494
1073.9	0.5406
1074.2	0.2720
1074.6	0.3978
1074.9	0.2922
1075.2	0.3251
1075.5	0.4413
1075.8	0.5023
1076.1	0.5006
1076.4	0.6143
1076.7	0.5091
1077.1	0.5050
1077.4	0.3059
1077.7	0.3486
1078.0	0.4776
1078.3	0.4562
1078.6	0.6487
1078.9	0.6059
1079.2	0.5837
1079.6	0.3721
1079.9	0.3797
1080.2	0.3323
1080.5	0.3144
1080.8	0.2480
1081.1	0.2987
1081.4	0.4517
1081.7	0.4774
1082.1	0.5619
1082.4	0.4789
1082.7	0.4861
1083.0	0.4300
1083.3	0.6429
1083.6	0.5597
1083.9	0.4100
1084.2	0.3813
1084.6	0.4113
1084.9	0.3765
1085.2	0.1916
1085.5	0.1861
1085.8	0.3428
1086.1	0.5606
1086.4	0.5999
1086.7	0.6894
1087.1	0.6055
1087.4	0.4547
1087.7	0.2735
1088.0	0.4581
1088.3	0.4110
1088.6	0.4094
1088.9	0.0173
1089.2	0.3577
1089.5	0.7626
1089.9	0.8668
1090.2	0.6330
1090.5	0.4033
1090.8	0.1843
1091.1	0.5560
1091.4	0.6190
1091.7	0.6913
1092.0	0.4378
1092.4	0.3513
1092.7	0.3994
1093.0	0.3098
1093.3	0.1552
1093.6	0.3533
1093.9	0.4068
1094.2	0.4582
1094.5	0.1498
1094.8	0.2540
1095.2	0.3101
1095.5	0.4611
1095.8	0.3665
1096.1	0.1916
1096.4	0.2783
1096.7	0.2254
1097.0	0.2981
1097.3	0.4794
1097.7	0.4501
1098.0	0.6428
1098.3	0.0898
1098.6	0.2832
1098.9	0.2595
1099.2	0.5186
1099.5	0.6668
1099.8	0.6515
1100.1	0.6401
# The following is a required line, starting with '#Theta:'
#Theta: 0.0 10.0
